,ADANIENT.NS,ADANIPORTS.NS,APOLLOHOSP.NS,ASIANPAINT.NS,AXISBANK.NS,BAJAJ-AUTO.NS,BAJAJFINSV.NS,BAJFINANCE.NS,BHARTIARTL.NS,BPCL.NS,BRITANNIA.NS,CIPLA.NS,COALINDIA.NS,DIVISLAB.NS,DRREDDY.NS,EICHERMOT.NS,GRASIM.NS,HCLTECH.NS,HDFCBANK.NS,HEROMOTOCO.NS,HINDALCO.NS,HINDUNILVR.NS,ICICIBANK.NS,INDUSINDBK.NS,INFY.NS,IOC.NS,ITC.NS,JSWSTEEL.NS,KOTAKBANK.NS,LT.NS,M&M.NS,MARUTI.NS,NESTLEIND.NS,NTPC.NS,ONGC.NS,POWERGRID.NS,RELIANCE.NS,SBILIFE.NS,SBIN.NS,SHREECEM.NS,SUNPHARMA.NS,TATACONSUM.NS,TATASTEEL.NS,TCS.NS,TECHM.NS,TITAN.NS,ULTRACEMCO.NS,UPL.NS,WIPRO.NS
ADANIENT.NS,0.0009511855769903355,0.0005576734495706191,9.498189732294497e-05,9.234987911314229e-05,0.00012740696128161675,0.00010710969519215942,0.00017910341584501953,0.0001786410382464531,9.727044152650176e-05,0.00017586388380226716,4.596866785471399e-05,5.2496075337883406e-05,0.0001694165044924976,9.226615759943047e-05,7.0987338708207e-05,0.00014824025941754894,0.0001641953069229077,7.190969661570865e-05,0.00011696938244931473,0.00012406905872246407,0.00016336555274888668,3.3262418953879314e-05,0.00011440276264146737,0.00017930119399286367,7.363680573357128e-05,0.0001851975317331183,6.017726826072262e-05,0.00017640157990289962,0.00010077744191752505,0.00015244853175252866,0.0001607694341552538,0.00011764796451540681,4.216112099560925e-05,0.00016872612173515268,0.00013573605277235294,0.00012195749767673152,0.00014250221001644165,0.00012876265568242444,0.00020545538415219422,0.00012219860815163716,7.977266424199732e-05,0.00010206737996496394,0.00018853379446664019,6.84036496181783e-05,9.645593247115161e-05,0.0001217365710097975,0.00013366162520170972,0.00017003568728382896,0.00010153511553236325
ADANIPORTS.NS,0.0005576734495706191,0.0005566545757599849,7.909908310023603e-05,8.117652914046831e-05,0.00012751708678819122,9.400372821258655e-05,0.00014942511821040643,0.0001516634005375004,9.408390892972726e-05,0.00017277579471586444,4.7209425734321374e-05,5.141219337186697e-05,0.00016013056116273678,7.480425064725893e-05,6.243857065280257e-05,0.0001250419272033326,0.0001468215894130146,7.272355607116665e-05,0.00011224804670186263,0.00011369673768269382,0.00015739014702848307,4.204232259926415e-05,0.0001091957605345605,0.00017937681300288257,7.040387645686795e-05,0.0001718364052479891,7.135323784485914e-05,0.0001623615548658403,9.373701497661778e-05,0.00015497256133407215,0.0001455176766666165,0.00010624975637908884,4.220584587662726e-05,0.00016102944978313983,0.00012993131911312705,0.00013154545053409641,0.00013812623610490868,0.0001134921290563507,0.000183293076692592,0.0001148201894025483,7.664101953965544e-05,8.705965142424137e-05,0.0001818907353188941,6.489034631043116e-05,9.011495158354494e-05,0.00011778992581511024,0.00012841779461442407,0.00014539442527354565,9.82186556521771e-05
APOLLOHOSP.NS,9.498189732294497e-05,7.909908310023603e-05,0.0002890372525371181,5.0543633355424164e-05,5.242255178903865e-05,5.31243755780989e-05,7.848202357710455e-05,8.803030421343562e-05,4.444809349411912e-05,5.487356777262867e-05,3.878759448739435e-05,5.641704598084411e-05,5.3941346406136513e-05,7.704350534880736e-05,5.2895001107069556e-05,6.450961540075323e-05,6.646556852271756e-05,5.891644807056043e-05,4.233915541889032e-05,6.552225300948011e-05,7.468912591001636e-05,4.3412495419434586e-05,4.937716594899942e-05,6.602877747475078e-05,4.8873507426921226e-05,4.872752516720484e-05,3.3328710882961746e-05,7.18817323630761e-05,4.91020698233454e-05,6.363341923162047e-05,7.001722209940091e-05,4.552751236899552e-05,4.519455875071449e-05,4.808857184248968e-05,3.6409172367030435e-05,4.8941952364828985e-05,4.897736929862211e-05,5.3643082699284765e-05,5.510524113933702e-05,5.2290706712659715e-05,5.374368576944338e-05,6.097021551347527e-05,7.390076631003015e-05,4.315404771812998e-05,7.161019323039588e-05,6.879898661581944e-05,6.278157901164082e-05,6.755096487009874e-05,6.658276993348777e-05
ASIANPAINT.NS,9.234987911314229e-05,8.117652914046831e-05,5.0543633355424164e-05,0.00020280131322521948,3.973821050130929e-05,5.077612933581002e-05,7.511518672326474e-05,7.93387907687429e-05,3.7719637364222716e-05,5.7514532013268047e-05,6.17039529335287e-05,2.7224722075214443e-05,1.1836541937834112e-05,5.4541172551714276e-05,3.239895248144267e-05,7.315423139135083e-05,6.797759429567648e-05,3.8881886732973374e-05,4.777467076697761e-05,6.300274980639674e-05,2.87984648285995e-05,7.008802805461126e-05,4.54151065328885e-05,7.161402023886115e-05,4.054204904099419e-05,4.916591117830445e-05,4.165283172163989e-05,4.742635440927694e-05,4.3465892463883955e-05,6.314484282779324e-05,6.16835925412463e-05,6.598536847218907e-05,5.87437796838674e-05,2.9848212776860583e-05,-3.931110342454555e-06,2.8813453862741213e-05,5.248658339706321e-05,5.0002313466302076e-05,4.6769669550736894e-05,6.0848593533982756e-05,3.355705029548847e-05,6.707166074793932e-05,3.976535281615941e-05,4.6169579334995854e-05,3.9775817642627207e-05,7.146745118047917e-05,7.349855323419798e-05,6.643212574771899e-05,4.371692274783065e-05
AXISBANK.NS,0.00012740696128161675,0.00012751708678819122,5.242255178903865e-05,3.973821050130929e-05,0.00023387043109201057,6.451927338994851e-05,0.00010794497762034901,0.0001086557451785534,5.3519510778656215e-05,7.468535609595522e-05,3.547517208412179e-05,3.054891065894049e-05,7.43302544861261e-05,3.5024227867205575e-05,3.719518749398389e-05,8.629769927400504e-05,8.874791410317446e-05,4.518930928766587e-05,9.125307128642592e-05,6.936132105602197e-05,8.621759808329275e-05,4.2197755670438004e-05,0.00011623148678135797,0.0001287442825315371,4.686696951812561e-05,7.313035999856451e-05,4.734770434078076e-05,9.856282815307857e-05,9.1225229762811e-05,9.267708868871427e-05,8.855949663798393e-05,7.588407456138985e-05,3.6763516575668424e-05,7.536444545420338e-05,6.249296397117221e-05,5.0889320396731315e-05,7.485026752551254e-05,6.578913895588512e-05,0.00013044346042416968,6.708905491099994e-05,2.3712294968398034e-05,5.149723420596871e-05,0.00010679557506960624,4.0371390759969775e-05,4.877255912363581e-05,6.446727460560112e-05,8.289969630703057e-05,7.85280225730805e-05,5.432548513612427e-05
BAJAJ-AUTO.NS,0.00010710969519215942,9.400372821258655e-05,5.31243755780989e-05,5.077612933581002e-05,6.451927338994851e-05,0.00022803138349798368,6.72248728956037e-05,6.672856170889667e-05,5.36523082493597e-05,7.022816280214913e-05,3.599631860185989e-05,2.844465444950666e-05,5.0417338589422086e-05,6.014669093530008e-05,4.1742023113908195e-05,0.00010657193098231559,6.431672411948036e-05,4.3187538292401096e-05,5.2970215276052324e-05,0.0001262460627459238,7.221956840606146e-05,4.053111295686502e-05,4.531515293515161e-05,8.001273479513441e-05,3.3183620821566414e-05,6.975463006379927e-05,3.43638254521835e-05,7.20610134236604e-05,5.148442681628438e-05,6.766290859284619e-05,0.00010669188995556997,9.579710518030071e-05,4.5365401197863075e-05,5.6020688666458755e-05,5.0564160084632906e-05,4.674183782300667e-05,5.953903780449519e-05,5.427692721738379e-05,6.079383668049281e-05,5.471364332721921e-05,4.4141570232935316e-05,5.778640423467579e-05,8.243431490345051e-05,3.1126001986969156e-05,4.215173129650545e-05,7.021512228316961e-05,6.588285150688291e-05,7.66434184998474e-05,4.499617343674532e-05
BAJAJFINSV.NS,0.00017910341584501953,0.00014942511821040643,7.848202357710455e-05,7.511518672326474e-05,0.00010794497762034901,6.72248728956037e-05,0.00028520251618025346,0.00023480617935055104,6.0075430877031025e-05,9.299509401476445e-05,4.6802749434806256e-05,3.273128866956767e-05,7.056558622857823e-05,5.951475043755837e-05,3.4595046759150164e-05,8.926016043588399e-05,0.00010983879026288261,6.84990244546815e-05,9.077825263078019e-05,8.241779960258261e-05,0.00011398370994429492,4.478865003781193e-05,8.999188954205391e-05,0.00013887880877416956,8.045542114025178e-05,8.026873742496136e-05,5.030377539996826e-05,0.00011077523495807708,8.907277137801575e-05,9.842207912988445e-05,0.00011409202643745306,8.287163848032407e-05,5.098605948106794e-05,7.754332066837242e-05,5.1157505114836946e-05,5.179289620979422e-05,8.817628575352595e-05,9.81045213616924e-05,0.00011555522465952804,8.051768292840232e-05,4.5728663089957406e-05,7.287816811863905e-05,0.00013067759957576016,6.512309053230077e-05,8.318045871753026e-05,9.943122141035391e-05,9.921506479245897e-05,9.847910164115008e-05,8.440257567092827e-05
BAJFINANCE.NS,0.0001786410382464531,0.0001516634005375004,8.803030421343562e-05,7.93387907687429e-05,0.0001086557451785534,6.672856170889667e-05,0.00023480617935055104,0.00031427556857676025,6.38502823302563e-05,8.806592136434264e-05,5.108851863454396e-05,2.291723601186903e-05,6.693609762007185e-05,6.113838745357467e-05,3.3265233861156197e-05,9.360080631963465e-05,0.00010865846424126943,6.134611624798661e-05,9.943517772024934e-05,8.006099328701751e-05,0.00010015581585508456,4.908005003737579e-05,9.392264468293495e-05,0.00013806248878583689,7.502816339968858e-05,7.653392615171797e-05,5.6962338461672285e-05,0.00011082552510808308,0.00010071228309531137,9.867717034846857e-05,0.00011675841807074475,8.99822850028734e-05,5.497573961829207e-05,7.39554277151518e-05,5.1637503783210346e-05,4.248702509253912e-05,8.855914913109144e-05,8.577258398323864e-05,0.00011744802798661215,8.006807266330089e-05,4.239333184615476e-05,7.43271591240391e-05,0.00011802061175954919,6.228350915766815e-05,7.531167174338287e-05,0.0001014745018082275,9.995653842812158e-05,0.0001011424502674875,7.943608441947563e-05
BHARTIARTL.NS,9.727044152650176e-05,9.408390892972726e-05,4.444809349411912e-05,3.7719637364222716e-05,5.3519510778656215e-05,5.36523082493597e-05,6.0075430877031025e-05,6.38502823302563e-05,0.00019159172942572215,5.469969727521638e-05,2.8537124859071302e-05,2.867450335780819e-05,5.347496672991134e-05,3.95002863018958e-05,3.368135084892771e-05,6.781788364545153e-05,6.488421271704776e-05,5.9066801602814244e-05,4.900658659691983e-05,5.08543091183652e-05,7.638279226398398e-05,2.6254500756249817e-05,5.750724367674028e-05,6.848743694713726e-05,5.5330810008984034e-05,4.833787813977716e-05,4.107007551531263e-05,7.62925511410449e-05,5.96077744748242e-05,6.142072981503594e-05,6.849885430366086e-05,5.762422023454683e-05,2.7473825533177495e-05,5.057233538100379e-05,6.108936718613086e-05,4.321506706447567e-05,6.0662478961616126e-05,5.3737729420098335e-05,5.883951035738221e-05,4.50592752842102e-05,4.139949391648136e-05,5.251146533913213e-05,7.582159675835096e-05,4.487548890808969e-05,6.139562750061541e-05,5.636739347151191e-05,5.2754580608565224e-05,6.409878132326433e-05,5.532177110166797e-05
BPCL.NS,0.00017586388380226716,0.00017277579471586444,5.487356777262867e-05,5.7514532013268047e-05,7.468535609595522e-05,7.022816280214913e-05,9.299509401476445e-05,8.806592136434264e-05,5.469969727521638e-05,0.00031606363241992865,3.385781555717223e-05,3.203461380245179e-05,0.00012942282920133045,5.311115263412591e-05,4.775929649633137e-05,8.234909947142045e-05,9.96366411856978e-05,4.222398371233037e-05,6.410466103825534e-05,8.683725454720299e-05,0.00010496361052707642,3.010795391034722e-05,5.581037418591337e-05,0.0001028715458204681,4.5737672968878567e-05,0.00024203249057424373,5.018144824158519e-05,0.00011062114685514347,5.831926657253379e-05,0.0001125037906885812,9.909250213704588e-05,6.675069141186107e-05,3.29405820852962e-05,0.00012446008928153508,0.00012256537403556287,0.00011023853352170099,9.317987037430129e-05,7.312176630348442e-05,0.00012407676142301796,7.504093325231324e-05,5.1889684232459826e-05,6.603661019847473e-05,0.0001333756029707212,5.444791064387349e-05,6.594320603305007e-05,7.915506738141101e-05,9.231838033377502e-05,9.887991149822218e-05,7.212473114101602e-05
BRITANNIA.NS,4.596866785471399e-05,4.7209425734321374e-05,3.878759448739435e-05,6.17039529335287e-05,3.547517208412179e-05,3.599631860185989e-05,4.6802749434806256e-05,5.108851863454396e-05,2.8537124859071302e-05,3.385781555717223e-05,0.00016144520997949226,1.7967996700108042e-05,8.349647610063214e-06,1.5455396911472975e-05,2.1805324132407108e-05,5.3211817830944726e-05,4.693438132901749e-05,2.9856220970658038e-05,2.6774844292930468e-05,4.8075608800648786e-05,1.3666230499209418e-05,7.889495050335476e-05,2.596211057652715e-05,3.3593084940011366e-05,2.7280702019023103e-05,2.6381219492767664e-05,5.150964897747136e-05,3.458908023096885e-05,3.6305730658672975e-05,3.677300514933309e-05,4.72709660838806e-05,4.025562437670122e-05,7.536342886297098e-05,1.813833712443431e-05,-6.926428482206168e-06,1.716122772940327e-05,3.079324568621108e-05,3.067195277159223e-05,2.44164157250214e-05,4.4813797120964646e-05,2.7105992171028396e-05,7.600268569566821e-05,2.8962469136735507e-05,2.9350105174131718e-05,2.3719776165885267e-05,4.52210721005623e-05,4.6870682376082685e-05,3.5638318241160475e-05,2.9564615527844423e-05
CIPLA.NS,5.2496075337883406e-05,5.141219337186697e-05,5.641704598084411e-05,2.7224722075214443e-05,3.054891065894049e-05,2.844465444950666e-05,3.273128866956767e-05,2.291723601186903e-05,2.867450335780819e-05,3.203461380245179e-05,1.7967996700108042e-05,0.0002054206751802205,3.507675565142654e-05,7.706189362974923e-05,8.457316911303982e-05,2.9545984676568245e-05,3.823202322596119e-05,2.8778473488594244e-05,1.870511697463413e-05,3.819912460686274e-05,4.251657685377903e-05,2.3259366485322597e-05,1.749935206878333e-05,3.246069195599625e-05,2.716577148559746e-05,2.7094838347626642e-05,2.569553633882551e-05,4.300832535556957e-05,2.1984949499734647e-05,4.036426864659244e-05,4.1695900127153837e-05,2.2327419931141887e-05,2.3562973266199905e-05,3.5946163097088804e-05,2.108056376386516e-05,3.776846170940689e-05,2.513055525253083e-05,3.344047495963575e-05,2.2373419706737647e-05,3.01355197346103e-05,7.290171957260105e-05,2.628421763700704e-05,4.674748066992826e-05,2.54263347862461e-05,2.8247568402459346e-05,3.0494076489224574e-05,3.5726289971234656e-05,4.8478487457265185e-05,3.163121653592446e-05
COALINDIA.NS,0.0001694165044924976,0.00016013056116273678,5.3941346406136513e-05,1.1836541937834112e-05,7.43302544861261e-05,5.0417338589422086e-05,7.056558622857823e-05,6.693609762007185e-05,5.347496672991134e-05,0.00012942282920133045,8.349647610063214e-06,3.507675565142654e-05,0.00033740341724125636,4.337837179086819e-05,4.590465544123875e-05,6.121400395050613e-05,8.235233181187163e-05,5.40488942682185e-05,4.3646525781629195e-05,6.609258944456057e-05,0.00017250774344831893,1.1818093324404165e-06,4.77104809139547e-05,9.595399313974676e-05,3.386014687155339e-05,0.00014659151619747596,5.126665203198729e-05,0.00013387671661311694,4.776131603444424e-05,9.506800031676584e-05,6.816272598933656e-05,4.6970858705901645e-05,1.8121110474089273e-05,0.0001567265223247469,0.0001861213981629188,0.00011154276410019132,9.68170540371227e-05,6.30140254769886e-05,0.0001065721238644268,5.191468334662479e-05,5.539066260202499e-05,4.389485280751394e-05,0.000183672202970055,4.068292884403193e-05,5.8109503218754686e-05,6.0779184084523024e-05,5.405361134934114e-05,0.00011062309408193106,6.259228726423697e-05
DIVISLAB.NS,9.226615759943047e-05,7.480425064725893e-05,7.704350534880736e-05,5.4541172551714276e-05,3.5024227867205575e-05,6.014669093530008e-05,5.951475043755837e-05,6.113838745357467e-05,3.95002863018958e-05,5.311115263412591e-05,1.5455396911472975e-05,7.706189362974923e-05,4.337837179086819e-05,0.0002832390042212893,7.466310199900663e-05,5.596987629295529e-05,6.316046952983415e-05,5.747863583295728e-05,3.319062622069374e-05,5.5830838521276895e-05,9.449108700275991e-05,2.9654539037849043e-05,2.708215027149999e-05,6.847068135125321e-05,5.394393037959663e-05,5.449288343638457e-05,2.7626702403744214e-05,8.046599402415652e-05,3.3800245706331266e-05,5.79907618437926e-05,5.66769711288144e-05,3.770099234226367e-05,3.121105713692738e-05,3.868129112950431e-05,3.6555526708293054e-05,3.469115500834098e-05,4.336594994183411e-05,3.7437566260467296e-05,3.9430002322680975e-05,4.96851944976368e-05,7.149358266745755e-05,4.986851873559018e-05,8.863759875729725e-05,4.766377469867806e-05,6.867735005131905e-05,4.524707216885058e-05,5.987394586279564e-05,7.709308032249516e-05,7.310358547293311e-05
DRREDDY.NS,7.0987338708207e-05,6.243857065280257e-05,5.2895001107069556e-05,3.239895248144267e-05,3.719518749398389e-05,4.1742023113908195e-05,3.4595046759150164e-05,3.3265233861156197e-05,3.368135084892771e-05,4.775929649633137e-05,2.1805324132407108e-05,8.457316911303982e-05,4.590465544123875e-05,7.466310199900663e-05,0.00018971334493475688,4.419700976577894e-05,5.114584403014764e-05,4.2898290807287595e-05,3.2514396647277876e-05,4.5940646629287906e-05,5.347751244520556e-05,2.3410362978335924e-05,2.6234893829001296e-05,4.198943848502617e-05,3.905129446523411e-05,4.672789527316791e-05,3.122849625974544e-05,5.722773330262649e-05,2.415814600575297e-05,4.867151232182863e-05,5.556204268210413e-05,3.0333403186044907e-05,2.917550686346142e-05,4.055516708691883e-05,3.38282727211643e-05,3.293844650384088e-05,3.819402109297348e-05,3.3324154126826e-05,4.2414885119856367e-05,3.3291973753155485e-05,6.822016045585794e-05,3.353130216545578e-05,5.66799050880499e-05,3.583878378105496e-05,4.347530700842093e-05,3.711284593287948e-05,4.741413367559734e-05,4.729038584523297e-05,5.026470884189617e-05
EICHERMOT.NS,0.00014824025941754894,0.0001250419272033326,6.450961540075323e-05,7.315423139135083e-05,8.629769927400504e-05,0.00010657193098231559,8.926016043588399e-05,9.360080631963465e-05,6.781788364545153e-05,8.234909947142045e-05,5.3211817830944726e-05,2.9545984676568245e-05,6.121400395050613e-05,5.596987629295529e-05,4.419700976577894e-05,0.0002741689114560365,9.77790049110425e-05,4.4706137762861125e-05,6.90544045554832e-05,0.00010838516745475784,8.603434460315632e-05,5.6770201731372086e-05,7.188934158874655e-05,0.00010850309618765521,4.3555563188593796e-05,8.128233448205382e-05,5.045791024363091e-05,9.603078578434058e-05,7.618022987602931e-05,8.879414925669376e-05,0.0001298873393165357,0.00012135407250127493,4.816639154213409e-05,6.272320005815329e-05,4.910275867818733e-05,4.758828913530453e-05,7.673820084730778e-05,7.34331904220034e-05,9.123635360749591e-05,7.913317917967468e-05,4.2269762188816996e-05,7.193283089803287e-05,9.486345278508918e-05,3.913951558668881e-05,5.39108073374459e-05,8.85025481849551e-05,8.490757523088588e-05,9.045707362789862e-05,5.8791379463000376e-05
GRASIM.NS,0.0001641953069229077,0.0001468215894130146,6.646556852271756e-05,6.797759429567648e-05,8.874791410317446e-05,6.431672411948036e-05,0.00010983879026288261,0.00010865846424126943,6.488421271704776e-05,9.96366411856978e-05,4.693438132901749e-05,3.823202322596119e-05,8.235233181187163e-05,6.316046952983415e-05,5.114584403014764e-05,9.77790049110425e-05,0.00021862526169153914,5.299741223189364e-05,7.640865249781811e-05,8.151497510699681e-05,0.00012838825907490384,4.531604513734176e-05,7.736377231449554e-05,9.792713036213889e-05,5.9624220542982535e-05,9.364991012785376e-05,5.517972858126654e-05,0.0001353184905355122,7.463790895687385e-05,9.836894681735933e-05,9.971439468057735e-05,7.367696113326608e-05,4.602366998029854e-05,8.535946882902764e-05,6.426478373547893e-05,6.865542465468307e-05,7.942781237813964e-05,7.352042020214527e-05,0.00010255885655156622,0.00010993950428476883,5.435994775431353e-05,7.778371844150672e-05,0.00013592017541904007,5.0036599528607e-05,6.690706068212298e-05,8.463417074982853e-05,0.00013652131958930808,9.342465786146759e-05,7.245105440714268e-05
HCLTECH.NS,7.190969661570865e-05,7.272355607116665e-05,5.891644807056043e-05,3.8881886732973374e-05,4.518930928766587e-05,4.3187538292401096e-05,6.84990244546815e-05,6.134611624798661e-05,5.9066801602814244e-05,4.222398371233037e-05,2.9856220970658038e-05,2.8778473488594244e-05,5.40488942682185e-05,5.747863583295728e-05,4.2898290807287595e-05,4.4706137762861125e-05,5.299741223189364e-05,0.00023500518813086073,4.7926401902215306e-05,4.432581948345034e-05,8.923584005118323e-05,3.450512399761452e-05,3.975852021413206e-05,5.667308276643002e-05,0.00016276163825184486,3.996196446915728e-05,3.529994012594333e-05,7.579589873861433e-05,4.6054306125425454e-05,7.576587907171455e-05,5.581735350929961e-05,3.678748593442488e-05,3.231107584723633e-05,3.905002666253654e-05,4.798144377695248e-05,3.609745584962293e-05,5.766524020184077e-05,5.173957343106066e-05,4.611971846420687e-05,4.910384993774425e-05,4.2132902374052714e-05,4.985307065446551e-05,8.324490653095531e-05,0.00013507501338139277,0.00016098592600949173,5.49871281942358e-05,4.908070837603018e-05,6.695527873921201e-05,0.00014461254930121318
HDFCBANK.NS,0.00011696938244931473,0.00011224804670186263,4.233915541889032e-05,4.777467076697761e-05,9.125307128642592e-05,5.2970215276052324e-05,9.077825263078019e-05,9.943517772024934e-05,4.900658659691983e-05,6.410466103825534e-05,2.6774844292930468e-05,1.870511697463413e-05,4.3646525781629195e-05,3.319062622069374e-05,3.2514396647277876e-05,6.90544045554832e-05,7.640865249781811e-05,4.7926401902215306e-05,0.00017188728790561365,5.621776915802666e-05,7.752454908118465e-05,3.4859225827904526e-05,8.591781261895075e-05,0.0001006898225350187,5.2287495637844266e-05,5.744118816071046e-05,3.597004109679772e-05,7.853917154357332e-05,9.26195626180592e-05,8.160530115448048e-05,8.181658635750566e-05,5.873828054515588e-05,2.8538003596552117e-05,5.226074047156289e-05,3.1387225744559225e-05,4.4388336717374316e-05,6.556444054133538e-05,5.6446011439997856e-05,8.433247892163422e-05,5.7205559261770905e-05,2.7415640387906187e-05,4.8034476413282354e-05,8.26674441981637e-05,4.0756090770861694e-05,5.59106737033163e-05,5.569396066587459e-05,7.345599225705601e-05,6.962243932823081e-05,5.899862405448737e-05
HEROMOTOCO.NS,0.00012406905872246407,0.00011369673768269382,6.552225300948011e-05,6.300274980639674e-05,6.936132105602197e-05,0.0001262460627459238,8.241779960258261e-05,8.006099328701751e-05,5.08543091183652e-05,8.683725454720299e-05,4.8075608800648786e-05,3.819912460686274e-05,6.609258944456057e-05,5.5830838521276895e-05,4.5940646629287906e-05,0.00010838516745475784,8.151497510699681e-05,4.432581948345034e-05,5.621776915802666e-05,0.0002530635358116581,8.236720908786367e-05,5.273853473175014e-05,5.817473634074738e-05,9.209988152874445e-05,4.182610760829037e-05,8.677910651336116e-05,4.161304398636445e-05,8.414350238093062e-05,6.058248062745526e-05,8.449413570421015e-05,0.00012118665312544678,0.00010360239318184047,4.676374187525375e-05,5.48362439599491e-05,4.808347863954003e-05,5.2333088994334426e-05,6.543577205084653e-05,6.0026629200443244e-05,7.42320509343383e-05,6.665159133571163e-05,4.6167375133105996e-05,6.669560431926821e-05,9.908474516309989e-05,4.5533965516315146e-05,6.321792621081043e-05,8.198369035960987e-05,7.862957522390843e-05,8.807813819857027e-05,6.072150508962926e-05
HINDALCO.NS,0.00016336555274888668,0.00015739014702848307,7.468912591001636e-05,2.87984648285995e-05,8.621759808329275e-05,7.221956840606146e-05,0.00011398370994429492,0.00010015581585508456,7.638279226398398e-05,0.00010496361052707642,1.3666230499209418e-05,4.251657685377903e-05,0.00017250774344831893,9.449108700275991e-05,5.347751244520556e-05,8.603434460315632e-05,0.00012838825907490384,8.923584005118323e-05,7.752454908118465e-05,8.236720908786367e-05,0.00043733444861843103,1.9907720579619808e-05,7.741813434627267e-05,0.00012282152272743462,8.315888264549881e-05,0.00011150464581114251,5.2660053673864595e-05,0.00023467707098974452,6.57305382108544e-05,0.00012019221197380192,8.867291558442225e-05,6.731339236918506e-05,3.3453994879598103e-05,0.00011691045079406929,0.00016733916699628067,9.310848702576332e-05,0.00010351965403427137,8.587281430346398e-05,0.00011546819371745646,7.156066363873354e-05,7.391755719674553e-05,5.7665663807063697e-05,0.0002977687465193361,6.727496084852567e-05,9.768689109856854e-05,8.796807697617006e-05,8.518856188190296e-05,0.000144683576011932,0.00010704710706684323
HINDUNILVR.NS,3.3262418953879314e-05,4.204232259926415e-05,4.3412495419434586e-05,7.008802805461126e-05,4.2197755670438004e-05,4.053111295686502e-05,4.478865003781193e-05,4.908005003737579e-05,2.6254500756249817e-05,3.010795391034722e-05,7.889495050335476e-05,2.3259366485322597e-05,1.1818093324404165e-06,2.9654539037849043e-05,2.3410362978335924e-05,5.6770201731372086e-05,4.531604513734176e-05,3.450512399761452e-05,3.4859225827904526e-05,5.273853473175014e-05,1.9907720579619808e-05,0.00016141593203859782,2.9830586602427888e-05,4.889309721407491e-05,3.814110840559167e-05,2.242453000573136e-05,5.1510558387105156e-05,2.8787300169332973e-05,4.275412312264002e-05,3.107198950335463e-05,5.0795401369726494e-05,5.017656443106286e-05,7.628898794402035e-05,1.4978216669935645e-05,-7.222187932269639e-06,1.7198083831732518e-05,3.464909588976287e-05,4.843884415682507e-05,2.3875180147252012e-05,4.109077204458208e-05,2.366783884940263e-05,7.296339917701252e-05,1.911796441813092e-05,3.720531425378712e-05,2.5804214064691532e-05,5.3196332708717703e-05,4.788189665014301e-05,2.9993804691718304e-05,2.759446720129539e-05
ICICIBANK.NS,0.00011440276264146737,0.0001091957605345605,4.937716594899942e-05,4.54151065328885e-05,0.00011623148678135797,4.531515293515161e-05,8.999188954205391e-05,9.392264468293495e-05,5.750724367674028e-05,5.581037418591337e-05,2.596211057652715e-05,1.749935206878333e-05,4.77104809139547e-05,2.708215027149999e-05,2.6234893829001296e-05,7.188934158874655e-05,7.736377231449554e-05,3.975852021413206e-05,8.591781261895075e-05,5.817473634074738e-05,7.741813434627267e-05,2.9830586602427888e-05,0.0001670017636989787,9.097701206210803e-05,4.984538756524104e-05,5.31874179600314e-05,4.210231015338662e-05,8.841579278260623e-05,8.477830714965649e-05,8.022171238909982e-05,8.055062872005726e-05,5.885836597353178e-05,2.63691555701948e-05,5.956830312296308e-05,4.414935091291954e-05,4.5891125270516337e-05,6.042427987020394e-05,5.547764522132561e-05,0.00010621777481349677,6.308920949018734e-05,3.422875714014477e-05,4.519819890419724e-05,9.125502134021855e-05,3.7814913499439396e-05,4.964118836537005e-05,5.3379519954933945e-05,7.482862497928395e-05,6.648958330407868e-05,5.310304993011615e-05
INDUSINDBK.NS,0.00017930119399286367,0.00017937681300288257,6.602877747475078e-05,7.161402023886115e-05,0.0001287442825315371,8.001273479513441e-05,0.00013887880877416956,0.00013806248878583689,6.848743694713726e-05,0.0001028715458204681,3.3593084940011366e-05,3.246069195599625e-05,9.595399313974676e-05,6.847068135125321e-05,4.198943848502617e-05,0.00010850309618765521,9.792713036213889e-05,5.667308276643002e-05,0.0001006898225350187,9.209988152874445e-05,0.00012282152272743462,4.889309721407491e-05,9.097701206210803e-05,0.0004533816397767939,6.21626673817115e-05,0.00010395285380722158,5.1992382570664736e-05,0.00012183299412178784,9.283605719612841e-05,0.00011025120225965282,0.0001331436691480726,0.00010188865266995061,3.607062010371963e-05,9.116823618975618e-05,6.883624125994703e-05,6.866008191712423e-05,9.566066260145828e-05,8.830395398342237e-05,0.00014782943063421393,7.257046087787745e-05,4.9534439151759645e-05,7.386625405417855e-05,0.00014580574140086823,5.4776940795676e-05,5.9507010119314544e-05,8.479460973796737e-05,9.578931992976337e-05,0.00011947712560100176,7.854663825826048e-05
INFY.NS,7.363680573357128e-05,7.040387645686795e-05,4.8873507426921226e-05,4.054204904099419e-05,4.686696951812561e-05,3.3183620821566414e-05,8.045542114025178e-05,7.502816339968858e-05,5.5330810008984034e-05,4.5737672968878567e-05,2.7280702019023103e-05,2.716577148559746e-05,3.386014687155339e-05,5.394393037959663e-05,3.905129446523411e-05,4.3555563188593796e-05,5.9624220542982535e-05,0.00016276163825184486,5.2287495637844266e-05,4.182610760829037e-05,8.315888264549881e-05,3.814110840559167e-05,4.984538756524104e-05,6.21626673817115e-05,0.00024043041245183815,4.0455101438818016e-05,3.449308079797009e-05,7.183143839549682e-05,4.247814566387479e-05,7.644786323085608e-05,6.858679181538345e-05,3.520874346710367e-05,2.8129316329277115e-05,2.909757532646039e-05,4.055163747944381e-05,2.5024322770256956e-05,5.801798194549431e-05,5.322867665397946e-05,4.634517780266618e-05,4.9132633284967526e-05,4.056593161640547e-05,6.0385337185282014e-05,6.986909975667034e-05,0.0001491487112924979,0.00017842098216338476,5.8104375083443964e-05,5.289172360560383e-05,6.753357442439004e-05,0.0001587334149456365
IOC.NS,0.0001851975317331183,0.0001718364052479891,4.872752516720484e-05,4.916591117830445e-05,7.313035999856451e-05,6.975463006379927e-05,8.026873742496136e-05,7.653392615171797e-05,4.833787813977716e-05,0.00024203249057424373,2.6381219492767664e-05,2.7094838347626642e-05,0.00014659151619747596,5.449288343638457e-05,4.672789527316791e-05,8.128233448205382e-05,9.364991012785376e-05,3.996196446915728e-05,5.744118816071046e-05,8.677910651336116e-05,0.00011150464581114251,2.242453000573136e-05,5.31874179600314e-05,0.00010395285380722158,4.0455101438818016e-05,0.00029859929998161364,4.63092558328607e-05,0.0001047775997580605,5.556945983096002e-05,0.00010837999750144023,9.394618609296998e-05,6.412648704118406e-05,2.129684977753033e-05,0.00013675119392632525,0.00014665064982705077,0.00011129249865744077,9.034192127454327e-05,6.762693947143534e-05,0.00012520398406407524,6.802917447538346e-05,5.2379419336679504e-05,5.6441802240182675e-05,0.00014025873253298526,4.8912408474579026e-05,5.961555937282767e-05,7.139781421962568e-05,8.176930574128591e-05,0.0001060869526798915,7.1767563492235e-05
ITC.NS,6.017726826072262e-05,7.135323784485914e-05,3.3328710882961746e-05,4.165283172163989e-05,4.734770434078076e-05,3.43638254521835e-05,5.030377539996826e-05,5.6962338461672285e-05,4.107007551531263e-05,5.018144824158519e-05,5.150964897747136e-05,2.569553633882551e-05,5.126665203198729e-05,2.7626702403744214e-05,3.122849625974544e-05,5.045791024363091e-05,5.517972858126654e-05,3.529994012594333e-05,3.597004109679772e-05,4.161304398636445e-05,5.2660053673864595e-05,5.1510558387105156e-05,4.210231015338662e-05,5.1992382570664736e-05,3.449308079797009e-05,4.63092558328607e-05,0.00015922793582054005,6.834722546750483e-05,5.0525179346826115e-05,5.001759981512726e-05,5.171584856250854e-05,4.146217243808947e-05,4.3919814802083515e-05,4.142557892754809e-05,3.52465496956157e-05,3.1875037665853654e-05,5.3867615902099054e-05,3.35881634698432e-05,5.41619509322812e-05,4.1345999028124805e-05,3.208678318731845e-05,5.8016721731980815e-05,6.438431366094705e-05,2.8145636852466158e-05,3.9714926321838096e-05,5.284353940840933e-05,4.4649533038880286e-05,5.2955929684957704e-05,3.699709258396999e-05
JSWSTEEL.NS,0.00017640157990289962,0.0001623615548658403,7.18817323630761e-05,4.742635440927694e-05,9.856282815307857e-05,7.20610134236604e-05,0.00011077523495807708,0.00011082552510808308,7.62925511410449e-05,0.00011062114685514347,3.458908023096885e-05,4.300832535556957e-05,0.00013387671661311694,8.046599402415652e-05,5.722773330262649e-05,9.603078578434058e-05,0.0001353184905355122,7.579589873861433e-05,7.853917154357332e-05,8.414350238093062e-05,0.00023467707098974452,2.8787300169332973e-05,8.841579278260623e-05,0.00012183299412178784,7.183143839549682e-05,0.0001047775997580605,6.834722546750483e-05,0.00031918219310329805,8.113816880128847e-05,0.00011627896345681911,0.00010680426497766621,7.191647031580877e-05,4.011908690123601e-05,0.00011505350871008079,0.00012451507410368378,9.069417212878864e-05,9.37290824950401e-05,8.052064587777606e-05,0.00011542206595070136,8.972301354032567e-05,5.8794435315068036e-05,6.764671158076154e-05,0.00027982296654218276,5.9488969932425294e-05,8.609980311568556e-05,8.952325298228537e-05,0.0001087403710994219,0.00013269393383280402,9.219642353919682e-05
KOTAKBANK.NS,0.00010077744191752505,9.373701497661778e-05,4.91020698233454e-05,4.3465892463883955e-05,9.1225229762811e-05,5.148442681628438e-05,8.907277137801575e-05,0.00010071228309531137,5.96077744748242e-05,5.831926657253379e-05,3.6305730658672975e-05,2.1984949499734647e-05,4.776131603444424e-05,3.3800245706331266e-05,2.415814600575297e-05,7.618022987602931e-05,7.463790895687385e-05,4.6054306125425454e-05,9.26195626180592e-05,6.058248062745526e-05,6.57305382108544e-05,4.275412312264002e-05,8.477830714965649e-05,9.283605719612841e-05,4.247814566387479e-05,5.556945983096002e-05,5.0525179346826115e-05,8.113816880128847e-05,0.0002062309872290468,7.465625741064107e-05,7.968938104398002e-05,6.28805971614458e-05,3.6042935180170294e-05,5.5886428491515205e-05,4.3143115467028324e-05,4.789603855838502e-05,6.658537848697413e-05,6.055978741679153e-05,8.62441329595862e-05,5.682335120500467e-05,3.691029669685082e-05,5.177922580424887e-05,7.494536823868826e-05,3.48323790886955e-05,5.408600482490025e-05,6.179483394602221e-05,6.713160637173988e-05,5.7428121586646235e-05,5.67175167944585e-05
LT.NS,0.00015244853175252866,0.00015497256133407215,6.363341923162047e-05,6.314484282779324e-05,9.267708868871427e-05,6.766290859284619e-05,9.842207912988445e-05,9.867717034846857e-05,6.142072981503594e-05,0.0001125037906885812,3.677300514933309e-05,4.036426864659244e-05,9.506800031676584e-05,5.79907618437926e-05,4.867151232182863e-05,8.879414925669376e-05,9.836894681735933e-05,7.576587907171455e-05,8.160530115448048e-05,8.449413570421015e-05,0.00012019221197380192,3.107198950335463e-05,8.022171238909982e-05,0.00011025120225965282,7.644786323085608e-05,0.00010837999750144023,5.001759981512726e-05,0.00011627896345681911,7.465625741064107e-05,0.00023950752526764996,9.854160589755797e-05,7.75670740302005e-05,3.463960760730425e-05,9.763351832880241e-05,8.109910501832375e-05,8.088224598782543e-05,8.973732928931137e-05,7.965429660845827e-05,0.00010863950259460721,7.662060447231351e-05,5.0862082207681745e-05,6.12047801435743e-05,0.00013357251840279434,6.49733961191419e-05,8.441769999804469e-05,8.375821780340898e-05,9.833796542610197e-05,0.00010804629397248339,8.882577283184804e-05
M&M.NS,0.0001607694341552538,0.0001455176766666165,7.001722209940091e-05,6.16835925412463e-05,8.855949663798393e-05,0.00010669188995556997,0.00011409202643745306,0.00011675841807074475,6.849885430366086e-05,9.909250213704588e-05,4.72709660838806e-05,4.1695900127153837e-05,6.816272598933656e-05,5.66769711288144e-05,5.556204268210413e-05,0.0001298873393165357,9.971439468057735e-05,5.581735350929961e-05,8.181658635750566e-05,0.00012118665312544678,8.867291558442225e-05,5.0795401369726494e-05,8.055062872005726e-05,0.0001331436691480726,6.858679181538345e-05,9.394618609296998e-05,5.171584856250854e-05,0.00010680426497766621,7.968938104398002e-05,9.854160589755797e-05,0.0003116588034998267,0.00011956791918952085,5.173272660519556e-05,7.826332710818798e-05,6.0032687136089466e-05,6.595241789398326e-05,8.563325335813578e-05,7.60782640138002e-05,9.541833022349873e-05,7.426497005724318e-05,5.81237575271907e-05,6.967362801446826e-05,0.00011147666636819679,5.3283026650149316e-05,7.208143526611939e-05,9.583707443800601e-05,0.00010281041767664273,9.403923345421096e-05,7.477783998984002e-05
MARUTI.NS,0.00011764796451540681,0.00010624975637908884,4.552751236899552e-05,6.598536847218907e-05,7.588407456138985e-05,9.579710518030071e-05,8.287163848032407e-05,8.99822850028734e-05,5.762422023454683e-05,6.675069141186107e-05,4.025562437670122e-05,2.2327419931141887e-05,4.6970858705901645e-05,3.770099234226367e-05,3.0333403186044907e-05,0.00012135407250127493,7.367696113326608e-05,3.678748593442488e-05,5.873828054515588e-05,0.00010360239318184047,6.731339236918506e-05,5.017656443106286e-05,5.885836597353178e-05,0.00010188865266995061,3.520874346710367e-05,6.412648704118406e-05,4.146217243808947e-05,7.191647031580877e-05,6.28805971614458e-05,7.75670740302005e-05,0.00011956791918952085,0.00021485927092160622,4.080013068773784e-05,5.7653258239009656e-05,3.373342278215991e-05,4.381433130052632e-05,6.186206699364354e-05,6.312998380250666e-05,7.923207453256757e-05,6.441229485403482e-05,3.3953433128444675e-05,6.049116779117834e-05,7.138724655043319e-05,3.736631311054461e-05,4.291294384326722e-05,7.855645821346818e-05,7.347845578945727e-05,7.232650539830101e-05,4.128360467801845e-05
NESTLEIND.NS,4.216112099560925e-05,4.220584587662726e-05,4.519455875071449e-05,5.87437796838674e-05,3.6763516575668424e-05,4.5365401197863075e-05,5.098605948106794e-05,5.497573961829207e-05,2.7473825533177495e-05,3.29405820852962e-05,7.536342886297098e-05,2.3562973266199905e-05,1.8121110474089273e-05,3.121105713692738e-05,2.917550686346142e-05,4.816639154213409e-05,4.602366998029854e-05,3.231107584723633e-05,2.8538003596552117e-05,4.676374187525375e-05,3.3453994879598103e-05,7.628898794402035e-05,2.63691555701948e-05,3.607062010371963e-05,2.8129316329277115e-05,2.129684977753033e-05,4.3919814802083515e-05,4.011908690123601e-05,3.6042935180170294e-05,3.463960760730425e-05,5.173272660519556e-05,4.080013068773784e-05,0.00014219270305317953,2.322638774976294e-05,1.1839216622857574e-05,3.2250458852705165e-05,4.043578656889928e-05,4.351506542363105e-05,2.5803735791235774e-05,4.336159069788958e-05,2.3481068664652094e-05,7.095787658792478e-05,3.247923117775832e-05,3.457215394468808e-05,2.837847491805745e-05,5.34338521414086e-05,5.0891668681454545e-05,4.171072508283645e-05,3.5211882818595556e-05
NTPC.NS,0.00016872612173515268,0.00016102944978313983,4.808857184248968e-05,2.9848212776860583e-05,7.536444545420338e-05,5.6020688666458755e-05,7.754332066837242e-05,7.39554277151518e-05,5.057233538100379e-05,0.00012446008928153508,1.813833712443431e-05,3.5946163097088804e-05,0.0001567265223247469,3.868129112950431e-05,4.055516708691883e-05,6.272320005815329e-05,8.535946882902764e-05,3.905002666253654e-05,5.226074047156289e-05,5.48362439599491e-05,0.00011691045079406929,1.4978216669935645e-05,5.956830312296308e-05,9.116823618975618e-05,2.909757532646039e-05,0.00013675119392632525,4.142557892754809e-05,0.00011505350871008079,5.5886428491515205e-05,9.763351832880241e-05,7.826332710818798e-05,5.7653258239009656e-05,2.322638774976294e-05,0.0002557204276441454,0.0001495291178114694,0.00015218479111714242,7.977131515832566e-05,6.082986166983346e-05,0.0001140254502544719,6.844763265571765e-05,5.022865148523341e-05,4.961812162959742e-05,0.00014066352005019284,2.525429524421502e-05,4.378986759117363e-05,6.371157573159777e-05,7.214966225030812e-05,8.514680057437021e-05,5.359606752141412e-05
ONGC.NS,0.00013573605277235294,0.00012993131911312705,3.6409172367030435e-05,-3.931110342454555e-06,6.249296397117221e-05,5.0564160084632906e-05,5.1157505114836946e-05,5.1637503783210346e-05,6.108936718613086e-05,0.00012256537403556287,-6.926428482206168e-06,2.108056376386516e-05,0.0001861213981629188,3.6555526708293054e-05,3.38282727211643e-05,4.910275867818733e-05,6.426478373547893e-05,4.798144377695248e-05,3.1387225744559225e-05,4.808347863954003e-05,0.00016733916699628067,-7.222187932269639e-06,4.414935091291954e-05,6.883624125994703e-05,4.055163747944381e-05,0.00014665064982705077,3.52465496956157e-05,0.00012451507410368378,4.3143115467028324e-05,8.109910501832375e-05,6.0032687136089466e-05,3.373342278215991e-05,1.1839216622857574e-05,0.0001495291178114694,0.00037805094458593025,0.0001030026026388188,9.849280071867507e-05,5.406524110642915e-05,9.984402520898781e-05,2.9705690728850897e-05,3.362958752547767e-05,2.5657344127948795e-05,0.0001600142336886596,3.761838276619671e-05,6.114545215406782e-05,4.3610773496102656e-05,4.2535359851594424e-05,9.624599075698502e-05,6.747993713101832e-05
